{
  "nbformat": 4,
  "nbformat_minor": 0,
  "metadata": {
    "colab": {
      "provenance": [],
      "authorship_tag": "ABX9TyPrKhIH+QKqtxpV7tPZ1cYM",
      "include_colab_link": true
    },
    "kernelspec": {
      "name": "python3",
      "display_name": "Python 3"
    },
    "language_info": {
      "name": "python"
    }
  },
  "cells": [
    {
      "cell_type": "markdown",
      "metadata": {
        "id": "view-in-github",
        "colab_type": "text"
      },
      "source": [
        "<a href=\"https://colab.research.google.com/github/TulipAggarwal/Learning-Pandas/blob/main/Groupby.ipynb\" target=\"_parent\"><img src=\"https://colab.research.google.com/assets/colab-badge.svg\" alt=\"Open In Colab\"/></a>"
      ]
    },
    {
      "cell_type": "markdown",
      "source": [
        "Aggregate Statistics using Groupby (Sum, Mean, Counting) 📁\n",
        "\n"
      ],
      "metadata": {
        "id": "VifkS70pV6Re"
      }
    },
    {
      "cell_type": "code",
      "execution_count": 2,
      "metadata": {
        "id": "kFXiYDzNVU1d"
      },
      "outputs": [],
      "source": [
        "import pandas as pd\n",
        "df = pd.read_csv(\"/content/sample_data/data_set.csv\")"
      ]
    },
    {
      "cell_type": "code",
      "source": [
        "#Means of Type of Pokemons\n",
        "df.groupby([\"Type 1\"]).mean()"
      ],
      "metadata": {
        "colab": {
          "base_uri": "https://localhost:8080/",
          "height": 645
        },
        "id": "2XCJsjqceVPR",
        "outputId": "4a90484a-1932-4181-a9ef-bd8772381254"
      },
      "execution_count": 28,
      "outputs": [
        {
          "output_type": "execute_result",
          "data": {
            "text/plain": [
              "                   #         HP      Attack     Defense    Sp. Atk    Sp. Def  \\\n",
              "Type 1                                                                          \n",
              "Bug       334.492754  56.884058   70.971014   70.724638  53.869565  64.797101   \n",
              "Dark      461.354839  66.806452   88.387097   70.225806  74.645161  69.516129   \n",
              "Dragon    474.375000  83.312500  112.125000   86.375000  96.843750  88.843750   \n",
              "Electric  363.500000  59.795455   69.090909   66.295455  90.022727  73.704545   \n",
              "Fairy     449.529412  74.117647   61.529412   65.705882  78.529412  84.705882   \n",
              "Fighting  363.851852  69.851852   96.777778   65.925926  53.111111  64.703704   \n",
              "Flamer    327.403846  69.903846   84.769231   67.769231  88.980769  72.211538   \n",
              "Flying    677.750000  70.750000   78.750000   66.250000  94.250000  72.500000   \n",
              "Ghost     486.500000  64.437500   73.781250   81.187500  79.343750  76.468750   \n",
              "Grass     344.871429  67.271429   73.214286   70.800000  77.500000  70.428571   \n",
              "Ground    356.281250  73.781250   95.750000   84.843750  56.468750  62.750000   \n",
              "Ice       423.541667  72.000000   72.750000   71.416667  77.541667  76.291667   \n",
              "Normal    319.173469  77.275510   73.469388   59.846939  55.816327  63.724490   \n",
              "Poison    251.785714  67.250000   74.678571   68.821429  60.428571  64.392857   \n",
              "Psychic   380.807018  70.631579   71.456140   67.684211  98.403509  86.280702   \n",
              "Rock      392.727273  65.363636   92.863636  100.795455  63.340909  75.477273   \n",
              "Steel     442.851852  65.222222   92.703704  126.370370  67.518519  80.629630   \n",
              "Water     303.089286  72.062500   74.151786   72.946429  74.812500  70.517857   \n",
              "\n",
              "               Speed  \n",
              "Type 1                \n",
              "Bug        61.681159  \n",
              "Dark       76.161290  \n",
              "Dragon     83.031250  \n",
              "Electric   84.500000  \n",
              "Fairy      48.588235  \n",
              "Fighting   66.074074  \n",
              "Flamer     74.442308  \n",
              "Flying    102.500000  \n",
              "Ghost      64.343750  \n",
              "Grass      61.928571  \n",
              "Ground     63.906250  \n",
              "Ice        63.458333  \n",
              "Normal     71.551020  \n",
              "Poison     63.571429  \n",
              "Psychic    81.491228  \n",
              "Rock       55.909091  \n",
              "Steel      55.259259  \n",
              "Water      65.964286  "
            ],
            "text/html": [
              "\n",
              "  <div id=\"df-b02a5507-06ba-404d-b8ed-4cec6a8f7220\">\n",
              "    <div class=\"colab-df-container\">\n",
              "      <div>\n",
              "<style scoped>\n",
              "    .dataframe tbody tr th:only-of-type {\n",
              "        vertical-align: middle;\n",
              "    }\n",
              "\n",
              "    .dataframe tbody tr th {\n",
              "        vertical-align: top;\n",
              "    }\n",
              "\n",
              "    .dataframe thead th {\n",
              "        text-align: right;\n",
              "    }\n",
              "</style>\n",
              "<table border=\"1\" class=\"dataframe\">\n",
              "  <thead>\n",
              "    <tr style=\"text-align: right;\">\n",
              "      <th></th>\n",
              "      <th>#</th>\n",
              "      <th>HP</th>\n",
              "      <th>Attack</th>\n",
              "      <th>Defense</th>\n",
              "      <th>Sp. Atk</th>\n",
              "      <th>Sp. Def</th>\n",
              "      <th>Speed</th>\n",
              "    </tr>\n",
              "    <tr>\n",
              "      <th>Type 1</th>\n",
              "      <th></th>\n",
              "      <th></th>\n",
              "      <th></th>\n",
              "      <th></th>\n",
              "      <th></th>\n",
              "      <th></th>\n",
              "      <th></th>\n",
              "    </tr>\n",
              "  </thead>\n",
              "  <tbody>\n",
              "    <tr>\n",
              "      <th>Bug</th>\n",
              "      <td>334.492754</td>\n",
              "      <td>56.884058</td>\n",
              "      <td>70.971014</td>\n",
              "      <td>70.724638</td>\n",
              "      <td>53.869565</td>\n",
              "      <td>64.797101</td>\n",
              "      <td>61.681159</td>\n",
              "    </tr>\n",
              "    <tr>\n",
              "      <th>Dark</th>\n",
              "      <td>461.354839</td>\n",
              "      <td>66.806452</td>\n",
              "      <td>88.387097</td>\n",
              "      <td>70.225806</td>\n",
              "      <td>74.645161</td>\n",
              "      <td>69.516129</td>\n",
              "      <td>76.161290</td>\n",
              "    </tr>\n",
              "    <tr>\n",
              "      <th>Dragon</th>\n",
              "      <td>474.375000</td>\n",
              "      <td>83.312500</td>\n",
              "      <td>112.125000</td>\n",
              "      <td>86.375000</td>\n",
              "      <td>96.843750</td>\n",
              "      <td>88.843750</td>\n",
              "      <td>83.031250</td>\n",
              "    </tr>\n",
              "    <tr>\n",
              "      <th>Electric</th>\n",
              "      <td>363.500000</td>\n",
              "      <td>59.795455</td>\n",
              "      <td>69.090909</td>\n",
              "      <td>66.295455</td>\n",
              "      <td>90.022727</td>\n",
              "      <td>73.704545</td>\n",
              "      <td>84.500000</td>\n",
              "    </tr>\n",
              "    <tr>\n",
              "      <th>Fairy</th>\n",
              "      <td>449.529412</td>\n",
              "      <td>74.117647</td>\n",
              "      <td>61.529412</td>\n",
              "      <td>65.705882</td>\n",
              "      <td>78.529412</td>\n",
              "      <td>84.705882</td>\n",
              "      <td>48.588235</td>\n",
              "    </tr>\n",
              "    <tr>\n",
              "      <th>Fighting</th>\n",
              "      <td>363.851852</td>\n",
              "      <td>69.851852</td>\n",
              "      <td>96.777778</td>\n",
              "      <td>65.925926</td>\n",
              "      <td>53.111111</td>\n",
              "      <td>64.703704</td>\n",
              "      <td>66.074074</td>\n",
              "    </tr>\n",
              "    <tr>\n",
              "      <th>Flamer</th>\n",
              "      <td>327.403846</td>\n",
              "      <td>69.903846</td>\n",
              "      <td>84.769231</td>\n",
              "      <td>67.769231</td>\n",
              "      <td>88.980769</td>\n",
              "      <td>72.211538</td>\n",
              "      <td>74.442308</td>\n",
              "    </tr>\n",
              "    <tr>\n",
              "      <th>Flying</th>\n",
              "      <td>677.750000</td>\n",
              "      <td>70.750000</td>\n",
              "      <td>78.750000</td>\n",
              "      <td>66.250000</td>\n",
              "      <td>94.250000</td>\n",
              "      <td>72.500000</td>\n",
              "      <td>102.500000</td>\n",
              "    </tr>\n",
              "    <tr>\n",
              "      <th>Ghost</th>\n",
              "      <td>486.500000</td>\n",
              "      <td>64.437500</td>\n",
              "      <td>73.781250</td>\n",
              "      <td>81.187500</td>\n",
              "      <td>79.343750</td>\n",
              "      <td>76.468750</td>\n",
              "      <td>64.343750</td>\n",
              "    </tr>\n",
              "    <tr>\n",
              "      <th>Grass</th>\n",
              "      <td>344.871429</td>\n",
              "      <td>67.271429</td>\n",
              "      <td>73.214286</td>\n",
              "      <td>70.800000</td>\n",
              "      <td>77.500000</td>\n",
              "      <td>70.428571</td>\n",
              "      <td>61.928571</td>\n",
              "    </tr>\n",
              "    <tr>\n",
              "      <th>Ground</th>\n",
              "      <td>356.281250</td>\n",
              "      <td>73.781250</td>\n",
              "      <td>95.750000</td>\n",
              "      <td>84.843750</td>\n",
              "      <td>56.468750</td>\n",
              "      <td>62.750000</td>\n",
              "      <td>63.906250</td>\n",
              "    </tr>\n",
              "    <tr>\n",
              "      <th>Ice</th>\n",
              "      <td>423.541667</td>\n",
              "      <td>72.000000</td>\n",
              "      <td>72.750000</td>\n",
              "      <td>71.416667</td>\n",
              "      <td>77.541667</td>\n",
              "      <td>76.291667</td>\n",
              "      <td>63.458333</td>\n",
              "    </tr>\n",
              "    <tr>\n",
              "      <th>Normal</th>\n",
              "      <td>319.173469</td>\n",
              "      <td>77.275510</td>\n",
              "      <td>73.469388</td>\n",
              "      <td>59.846939</td>\n",
              "      <td>55.816327</td>\n",
              "      <td>63.724490</td>\n",
              "      <td>71.551020</td>\n",
              "    </tr>\n",
              "    <tr>\n",
              "      <th>Poison</th>\n",
              "      <td>251.785714</td>\n",
              "      <td>67.250000</td>\n",
              "      <td>74.678571</td>\n",
              "      <td>68.821429</td>\n",
              "      <td>60.428571</td>\n",
              "      <td>64.392857</td>\n",
              "      <td>63.571429</td>\n",
              "    </tr>\n",
              "    <tr>\n",
              "      <th>Psychic</th>\n",
              "      <td>380.807018</td>\n",
              "      <td>70.631579</td>\n",
              "      <td>71.456140</td>\n",
              "      <td>67.684211</td>\n",
              "      <td>98.403509</td>\n",
              "      <td>86.280702</td>\n",
              "      <td>81.491228</td>\n",
              "    </tr>\n",
              "    <tr>\n",
              "      <th>Rock</th>\n",
              "      <td>392.727273</td>\n",
              "      <td>65.363636</td>\n",
              "      <td>92.863636</td>\n",
              "      <td>100.795455</td>\n",
              "      <td>63.340909</td>\n",
              "      <td>75.477273</td>\n",
              "      <td>55.909091</td>\n",
              "    </tr>\n",
              "    <tr>\n",
              "      <th>Steel</th>\n",
              "      <td>442.851852</td>\n",
              "      <td>65.222222</td>\n",
              "      <td>92.703704</td>\n",
              "      <td>126.370370</td>\n",
              "      <td>67.518519</td>\n",
              "      <td>80.629630</td>\n",
              "      <td>55.259259</td>\n",
              "    </tr>\n",
              "    <tr>\n",
              "      <th>Water</th>\n",
              "      <td>303.089286</td>\n",
              "      <td>72.062500</td>\n",
              "      <td>74.151786</td>\n",
              "      <td>72.946429</td>\n",
              "      <td>74.812500</td>\n",
              "      <td>70.517857</td>\n",
              "      <td>65.964286</td>\n",
              "    </tr>\n",
              "  </tbody>\n",
              "</table>\n",
              "</div>\n",
              "      <button class=\"colab-df-convert\" onclick=\"convertToInteractive('df-b02a5507-06ba-404d-b8ed-4cec6a8f7220')\"\n",
              "              title=\"Convert this dataframe to an interactive table.\"\n",
              "              style=\"display:none;\">\n",
              "        \n",
              "  <svg xmlns=\"http://www.w3.org/2000/svg\" height=\"24px\"viewBox=\"0 0 24 24\"\n",
              "       width=\"24px\">\n",
              "    <path d=\"M0 0h24v24H0V0z\" fill=\"none\"/>\n",
              "    <path d=\"M18.56 5.44l.94 2.06.94-2.06 2.06-.94-2.06-.94-.94-2.06-.94 2.06-2.06.94zm-11 1L8.5 8.5l.94-2.06 2.06-.94-2.06-.94L8.5 2.5l-.94 2.06-2.06.94zm10 10l.94 2.06.94-2.06 2.06-.94-2.06-.94-.94-2.06-.94 2.06-2.06.94z\"/><path d=\"M17.41 7.96l-1.37-1.37c-.4-.4-.92-.59-1.43-.59-.52 0-1.04.2-1.43.59L10.3 9.45l-7.72 7.72c-.78.78-.78 2.05 0 2.83L4 21.41c.39.39.9.59 1.41.59.51 0 1.02-.2 1.41-.59l7.78-7.78 2.81-2.81c.8-.78.8-2.07 0-2.86zM5.41 20L4 18.59l7.72-7.72 1.47 1.35L5.41 20z\"/>\n",
              "  </svg>\n",
              "      </button>\n",
              "      \n",
              "  <style>\n",
              "    .colab-df-container {\n",
              "      display:flex;\n",
              "      flex-wrap:wrap;\n",
              "      gap: 12px;\n",
              "    }\n",
              "\n",
              "    .colab-df-convert {\n",
              "      background-color: #E8F0FE;\n",
              "      border: none;\n",
              "      border-radius: 50%;\n",
              "      cursor: pointer;\n",
              "      display: none;\n",
              "      fill: #1967D2;\n",
              "      height: 32px;\n",
              "      padding: 0 0 0 0;\n",
              "      width: 32px;\n",
              "    }\n",
              "\n",
              "    .colab-df-convert:hover {\n",
              "      background-color: #E2EBFA;\n",
              "      box-shadow: 0px 1px 2px rgba(60, 64, 67, 0.3), 0px 1px 3px 1px rgba(60, 64, 67, 0.15);\n",
              "      fill: #174EA6;\n",
              "    }\n",
              "\n",
              "    [theme=dark] .colab-df-convert {\n",
              "      background-color: #3B4455;\n",
              "      fill: #D2E3FC;\n",
              "    }\n",
              "\n",
              "    [theme=dark] .colab-df-convert:hover {\n",
              "      background-color: #434B5C;\n",
              "      box-shadow: 0px 1px 3px 1px rgba(0, 0, 0, 0.15);\n",
              "      filter: drop-shadow(0px 1px 2px rgba(0, 0, 0, 0.3));\n",
              "      fill: #FFFFFF;\n",
              "    }\n",
              "  </style>\n",
              "\n",
              "      <script>\n",
              "        const buttonEl =\n",
              "          document.querySelector('#df-b02a5507-06ba-404d-b8ed-4cec6a8f7220 button.colab-df-convert');\n",
              "        buttonEl.style.display =\n",
              "          google.colab.kernel.accessAllowed ? 'block' : 'none';\n",
              "\n",
              "        async function convertToInteractive(key) {\n",
              "          const element = document.querySelector('#df-b02a5507-06ba-404d-b8ed-4cec6a8f7220');\n",
              "          const dataTable =\n",
              "            await google.colab.kernel.invokeFunction('convertToInteractive',\n",
              "                                                     [key], {});\n",
              "          if (!dataTable) return;\n",
              "\n",
              "          const docLinkHtml = 'Like what you see? Visit the ' +\n",
              "            '<a target=\"_blank\" href=https://colab.research.google.com/notebooks/data_table.ipynb>data table notebook</a>'\n",
              "            + ' to learn more about interactive tables.';\n",
              "          element.innerHTML = '';\n",
              "          dataTable['output_type'] = 'display_data';\n",
              "          await google.colab.output.renderOutput(dataTable, element);\n",
              "          const docLink = document.createElement('div');\n",
              "          docLink.innerHTML = docLinkHtml;\n",
              "          element.appendChild(docLink);\n",
              "        }\n",
              "      </script>\n",
              "    </div>\n",
              "  </div>\n",
              "  "
            ]
          },
          "metadata": {},
          "execution_count": 28
        }
      ]
    },
    {
      "cell_type": "code",
      "source": [
        "#Means of Type of Pokemons in a way that it gets in descending order of Defense\n",
        "df.groupby([\"Type 1\"]).mean().sort_values(\"Defense\", ascending = False)"
      ],
      "metadata": {
        "colab": {
          "base_uri": "https://localhost:8080/",
          "height": 645
        },
        "id": "FUqdtuprfP0q",
        "outputId": "b8359dd5-77af-4904-d1f1-238f494ac7a6"
      },
      "execution_count": 30,
      "outputs": [
        {
          "output_type": "execute_result",
          "data": {
            "text/plain": [
              "                   #         HP      Attack     Defense    Sp. Atk    Sp. Def  \\\n",
              "Type 1                                                                          \n",
              "Steel     442.851852  65.222222   92.703704  126.370370  67.518519  80.629630   \n",
              "Rock      392.727273  65.363636   92.863636  100.795455  63.340909  75.477273   \n",
              "Dragon    474.375000  83.312500  112.125000   86.375000  96.843750  88.843750   \n",
              "Ground    356.281250  73.781250   95.750000   84.843750  56.468750  62.750000   \n",
              "Ghost     486.500000  64.437500   73.781250   81.187500  79.343750  76.468750   \n",
              "Water     303.089286  72.062500   74.151786   72.946429  74.812500  70.517857   \n",
              "Ice       423.541667  72.000000   72.750000   71.416667  77.541667  76.291667   \n",
              "Grass     344.871429  67.271429   73.214286   70.800000  77.500000  70.428571   \n",
              "Bug       334.492754  56.884058   70.971014   70.724638  53.869565  64.797101   \n",
              "Dark      461.354839  66.806452   88.387097   70.225806  74.645161  69.516129   \n",
              "Poison    251.785714  67.250000   74.678571   68.821429  60.428571  64.392857   \n",
              "Flamer    327.403846  69.903846   84.769231   67.769231  88.980769  72.211538   \n",
              "Psychic   380.807018  70.631579   71.456140   67.684211  98.403509  86.280702   \n",
              "Electric  363.500000  59.795455   69.090909   66.295455  90.022727  73.704545   \n",
              "Flying    677.750000  70.750000   78.750000   66.250000  94.250000  72.500000   \n",
              "Fighting  363.851852  69.851852   96.777778   65.925926  53.111111  64.703704   \n",
              "Fairy     449.529412  74.117647   61.529412   65.705882  78.529412  84.705882   \n",
              "Normal    319.173469  77.275510   73.469388   59.846939  55.816327  63.724490   \n",
              "\n",
              "               Speed  \n",
              "Type 1                \n",
              "Steel      55.259259  \n",
              "Rock       55.909091  \n",
              "Dragon     83.031250  \n",
              "Ground     63.906250  \n",
              "Ghost      64.343750  \n",
              "Water      65.964286  \n",
              "Ice        63.458333  \n",
              "Grass      61.928571  \n",
              "Bug        61.681159  \n",
              "Dark       76.161290  \n",
              "Poison     63.571429  \n",
              "Flamer     74.442308  \n",
              "Psychic    81.491228  \n",
              "Electric   84.500000  \n",
              "Flying    102.500000  \n",
              "Fighting   66.074074  \n",
              "Fairy      48.588235  \n",
              "Normal     71.551020  "
            ],
            "text/html": [
              "\n",
              "  <div id=\"df-9a9b720a-6983-47fd-b2f3-d829da78595b\">\n",
              "    <div class=\"colab-df-container\">\n",
              "      <div>\n",
              "<style scoped>\n",
              "    .dataframe tbody tr th:only-of-type {\n",
              "        vertical-align: middle;\n",
              "    }\n",
              "\n",
              "    .dataframe tbody tr th {\n",
              "        vertical-align: top;\n",
              "    }\n",
              "\n",
              "    .dataframe thead th {\n",
              "        text-align: right;\n",
              "    }\n",
              "</style>\n",
              "<table border=\"1\" class=\"dataframe\">\n",
              "  <thead>\n",
              "    <tr style=\"text-align: right;\">\n",
              "      <th></th>\n",
              "      <th>#</th>\n",
              "      <th>HP</th>\n",
              "      <th>Attack</th>\n",
              "      <th>Defense</th>\n",
              "      <th>Sp. Atk</th>\n",
              "      <th>Sp. Def</th>\n",
              "      <th>Speed</th>\n",
              "    </tr>\n",
              "    <tr>\n",
              "      <th>Type 1</th>\n",
              "      <th></th>\n",
              "      <th></th>\n",
              "      <th></th>\n",
              "      <th></th>\n",
              "      <th></th>\n",
              "      <th></th>\n",
              "      <th></th>\n",
              "    </tr>\n",
              "  </thead>\n",
              "  <tbody>\n",
              "    <tr>\n",
              "      <th>Steel</th>\n",
              "      <td>442.851852</td>\n",
              "      <td>65.222222</td>\n",
              "      <td>92.703704</td>\n",
              "      <td>126.370370</td>\n",
              "      <td>67.518519</td>\n",
              "      <td>80.629630</td>\n",
              "      <td>55.259259</td>\n",
              "    </tr>\n",
              "    <tr>\n",
              "      <th>Rock</th>\n",
              "      <td>392.727273</td>\n",
              "      <td>65.363636</td>\n",
              "      <td>92.863636</td>\n",
              "      <td>100.795455</td>\n",
              "      <td>63.340909</td>\n",
              "      <td>75.477273</td>\n",
              "      <td>55.909091</td>\n",
              "    </tr>\n",
              "    <tr>\n",
              "      <th>Dragon</th>\n",
              "      <td>474.375000</td>\n",
              "      <td>83.312500</td>\n",
              "      <td>112.125000</td>\n",
              "      <td>86.375000</td>\n",
              "      <td>96.843750</td>\n",
              "      <td>88.843750</td>\n",
              "      <td>83.031250</td>\n",
              "    </tr>\n",
              "    <tr>\n",
              "      <th>Ground</th>\n",
              "      <td>356.281250</td>\n",
              "      <td>73.781250</td>\n",
              "      <td>95.750000</td>\n",
              "      <td>84.843750</td>\n",
              "      <td>56.468750</td>\n",
              "      <td>62.750000</td>\n",
              "      <td>63.906250</td>\n",
              "    </tr>\n",
              "    <tr>\n",
              "      <th>Ghost</th>\n",
              "      <td>486.500000</td>\n",
              "      <td>64.437500</td>\n",
              "      <td>73.781250</td>\n",
              "      <td>81.187500</td>\n",
              "      <td>79.343750</td>\n",
              "      <td>76.468750</td>\n",
              "      <td>64.343750</td>\n",
              "    </tr>\n",
              "    <tr>\n",
              "      <th>Water</th>\n",
              "      <td>303.089286</td>\n",
              "      <td>72.062500</td>\n",
              "      <td>74.151786</td>\n",
              "      <td>72.946429</td>\n",
              "      <td>74.812500</td>\n",
              "      <td>70.517857</td>\n",
              "      <td>65.964286</td>\n",
              "    </tr>\n",
              "    <tr>\n",
              "      <th>Ice</th>\n",
              "      <td>423.541667</td>\n",
              "      <td>72.000000</td>\n",
              "      <td>72.750000</td>\n",
              "      <td>71.416667</td>\n",
              "      <td>77.541667</td>\n",
              "      <td>76.291667</td>\n",
              "      <td>63.458333</td>\n",
              "    </tr>\n",
              "    <tr>\n",
              "      <th>Grass</th>\n",
              "      <td>344.871429</td>\n",
              "      <td>67.271429</td>\n",
              "      <td>73.214286</td>\n",
              "      <td>70.800000</td>\n",
              "      <td>77.500000</td>\n",
              "      <td>70.428571</td>\n",
              "      <td>61.928571</td>\n",
              "    </tr>\n",
              "    <tr>\n",
              "      <th>Bug</th>\n",
              "      <td>334.492754</td>\n",
              "      <td>56.884058</td>\n",
              "      <td>70.971014</td>\n",
              "      <td>70.724638</td>\n",
              "      <td>53.869565</td>\n",
              "      <td>64.797101</td>\n",
              "      <td>61.681159</td>\n",
              "    </tr>\n",
              "    <tr>\n",
              "      <th>Dark</th>\n",
              "      <td>461.354839</td>\n",
              "      <td>66.806452</td>\n",
              "      <td>88.387097</td>\n",
              "      <td>70.225806</td>\n",
              "      <td>74.645161</td>\n",
              "      <td>69.516129</td>\n",
              "      <td>76.161290</td>\n",
              "    </tr>\n",
              "    <tr>\n",
              "      <th>Poison</th>\n",
              "      <td>251.785714</td>\n",
              "      <td>67.250000</td>\n",
              "      <td>74.678571</td>\n",
              "      <td>68.821429</td>\n",
              "      <td>60.428571</td>\n",
              "      <td>64.392857</td>\n",
              "      <td>63.571429</td>\n",
              "    </tr>\n",
              "    <tr>\n",
              "      <th>Flamer</th>\n",
              "      <td>327.403846</td>\n",
              "      <td>69.903846</td>\n",
              "      <td>84.769231</td>\n",
              "      <td>67.769231</td>\n",
              "      <td>88.980769</td>\n",
              "      <td>72.211538</td>\n",
              "      <td>74.442308</td>\n",
              "    </tr>\n",
              "    <tr>\n",
              "      <th>Psychic</th>\n",
              "      <td>380.807018</td>\n",
              "      <td>70.631579</td>\n",
              "      <td>71.456140</td>\n",
              "      <td>67.684211</td>\n",
              "      <td>98.403509</td>\n",
              "      <td>86.280702</td>\n",
              "      <td>81.491228</td>\n",
              "    </tr>\n",
              "    <tr>\n",
              "      <th>Electric</th>\n",
              "      <td>363.500000</td>\n",
              "      <td>59.795455</td>\n",
              "      <td>69.090909</td>\n",
              "      <td>66.295455</td>\n",
              "      <td>90.022727</td>\n",
              "      <td>73.704545</td>\n",
              "      <td>84.500000</td>\n",
              "    </tr>\n",
              "    <tr>\n",
              "      <th>Flying</th>\n",
              "      <td>677.750000</td>\n",
              "      <td>70.750000</td>\n",
              "      <td>78.750000</td>\n",
              "      <td>66.250000</td>\n",
              "      <td>94.250000</td>\n",
              "      <td>72.500000</td>\n",
              "      <td>102.500000</td>\n",
              "    </tr>\n",
              "    <tr>\n",
              "      <th>Fighting</th>\n",
              "      <td>363.851852</td>\n",
              "      <td>69.851852</td>\n",
              "      <td>96.777778</td>\n",
              "      <td>65.925926</td>\n",
              "      <td>53.111111</td>\n",
              "      <td>64.703704</td>\n",
              "      <td>66.074074</td>\n",
              "    </tr>\n",
              "    <tr>\n",
              "      <th>Fairy</th>\n",
              "      <td>449.529412</td>\n",
              "      <td>74.117647</td>\n",
              "      <td>61.529412</td>\n",
              "      <td>65.705882</td>\n",
              "      <td>78.529412</td>\n",
              "      <td>84.705882</td>\n",
              "      <td>48.588235</td>\n",
              "    </tr>\n",
              "    <tr>\n",
              "      <th>Normal</th>\n",
              "      <td>319.173469</td>\n",
              "      <td>77.275510</td>\n",
              "      <td>73.469388</td>\n",
              "      <td>59.846939</td>\n",
              "      <td>55.816327</td>\n",
              "      <td>63.724490</td>\n",
              "      <td>71.551020</td>\n",
              "    </tr>\n",
              "  </tbody>\n",
              "</table>\n",
              "</div>\n",
              "      <button class=\"colab-df-convert\" onclick=\"convertToInteractive('df-9a9b720a-6983-47fd-b2f3-d829da78595b')\"\n",
              "              title=\"Convert this dataframe to an interactive table.\"\n",
              "              style=\"display:none;\">\n",
              "        \n",
              "  <svg xmlns=\"http://www.w3.org/2000/svg\" height=\"24px\"viewBox=\"0 0 24 24\"\n",
              "       width=\"24px\">\n",
              "    <path d=\"M0 0h24v24H0V0z\" fill=\"none\"/>\n",
              "    <path d=\"M18.56 5.44l.94 2.06.94-2.06 2.06-.94-2.06-.94-.94-2.06-.94 2.06-2.06.94zm-11 1L8.5 8.5l.94-2.06 2.06-.94-2.06-.94L8.5 2.5l-.94 2.06-2.06.94zm10 10l.94 2.06.94-2.06 2.06-.94-2.06-.94-.94-2.06-.94 2.06-2.06.94z\"/><path d=\"M17.41 7.96l-1.37-1.37c-.4-.4-.92-.59-1.43-.59-.52 0-1.04.2-1.43.59L10.3 9.45l-7.72 7.72c-.78.78-.78 2.05 0 2.83L4 21.41c.39.39.9.59 1.41.59.51 0 1.02-.2 1.41-.59l7.78-7.78 2.81-2.81c.8-.78.8-2.07 0-2.86zM5.41 20L4 18.59l7.72-7.72 1.47 1.35L5.41 20z\"/>\n",
              "  </svg>\n",
              "      </button>\n",
              "      \n",
              "  <style>\n",
              "    .colab-df-container {\n",
              "      display:flex;\n",
              "      flex-wrap:wrap;\n",
              "      gap: 12px;\n",
              "    }\n",
              "\n",
              "    .colab-df-convert {\n",
              "      background-color: #E8F0FE;\n",
              "      border: none;\n",
              "      border-radius: 50%;\n",
              "      cursor: pointer;\n",
              "      display: none;\n",
              "      fill: #1967D2;\n",
              "      height: 32px;\n",
              "      padding: 0 0 0 0;\n",
              "      width: 32px;\n",
              "    }\n",
              "\n",
              "    .colab-df-convert:hover {\n",
              "      background-color: #E2EBFA;\n",
              "      box-shadow: 0px 1px 2px rgba(60, 64, 67, 0.3), 0px 1px 3px 1px rgba(60, 64, 67, 0.15);\n",
              "      fill: #174EA6;\n",
              "    }\n",
              "\n",
              "    [theme=dark] .colab-df-convert {\n",
              "      background-color: #3B4455;\n",
              "      fill: #D2E3FC;\n",
              "    }\n",
              "\n",
              "    [theme=dark] .colab-df-convert:hover {\n",
              "      background-color: #434B5C;\n",
              "      box-shadow: 0px 1px 3px 1px rgba(0, 0, 0, 0.15);\n",
              "      filter: drop-shadow(0px 1px 2px rgba(0, 0, 0, 0.3));\n",
              "      fill: #FFFFFF;\n",
              "    }\n",
              "  </style>\n",
              "\n",
              "      <script>\n",
              "        const buttonEl =\n",
              "          document.querySelector('#df-9a9b720a-6983-47fd-b2f3-d829da78595b button.colab-df-convert');\n",
              "        buttonEl.style.display =\n",
              "          google.colab.kernel.accessAllowed ? 'block' : 'none';\n",
              "\n",
              "        async function convertToInteractive(key) {\n",
              "          const element = document.querySelector('#df-9a9b720a-6983-47fd-b2f3-d829da78595b');\n",
              "          const dataTable =\n",
              "            await google.colab.kernel.invokeFunction('convertToInteractive',\n",
              "                                                     [key], {});\n",
              "          if (!dataTable) return;\n",
              "\n",
              "          const docLinkHtml = 'Like what you see? Visit the ' +\n",
              "            '<a target=\"_blank\" href=https://colab.research.google.com/notebooks/data_table.ipynb>data table notebook</a>'\n",
              "            + ' to learn more about interactive tables.';\n",
              "          element.innerHTML = '';\n",
              "          dataTable['output_type'] = 'display_data';\n",
              "          await google.colab.output.renderOutput(dataTable, element);\n",
              "          const docLink = document.createElement('div');\n",
              "          docLink.innerHTML = docLinkHtml;\n",
              "          element.appendChild(docLink);\n",
              "        }\n",
              "      </script>\n",
              "    </div>\n",
              "  </div>\n",
              "  "
            ]
          },
          "metadata": {},
          "execution_count": 30
        }
      ]
    },
    {
      "cell_type": "code",
      "source": [
        "df.groupby([\"Type 1\"]).mean().sort_values(\"HP\", ascending = False)"
      ],
      "metadata": {
        "colab": {
          "base_uri": "https://localhost:8080/",
          "height": 645
        },
        "id": "ivJvyEemfvC-",
        "outputId": "8d6d151b-aa9d-4da7-af69-666d9c717553"
      },
      "execution_count": 31,
      "outputs": [
        {
          "output_type": "execute_result",
          "data": {
            "text/plain": [
              "                   #         HP      Attack     Defense    Sp. Atk    Sp. Def  \\\n",
              "Type 1                                                                          \n",
              "Dragon    474.375000  83.312500  112.125000   86.375000  96.843750  88.843750   \n",
              "Normal    319.173469  77.275510   73.469388   59.846939  55.816327  63.724490   \n",
              "Fairy     449.529412  74.117647   61.529412   65.705882  78.529412  84.705882   \n",
              "Ground    356.281250  73.781250   95.750000   84.843750  56.468750  62.750000   \n",
              "Water     303.089286  72.062500   74.151786   72.946429  74.812500  70.517857   \n",
              "Ice       423.541667  72.000000   72.750000   71.416667  77.541667  76.291667   \n",
              "Flying    677.750000  70.750000   78.750000   66.250000  94.250000  72.500000   \n",
              "Psychic   380.807018  70.631579   71.456140   67.684211  98.403509  86.280702   \n",
              "Flamer    327.403846  69.903846   84.769231   67.769231  88.980769  72.211538   \n",
              "Fighting  363.851852  69.851852   96.777778   65.925926  53.111111  64.703704   \n",
              "Grass     344.871429  67.271429   73.214286   70.800000  77.500000  70.428571   \n",
              "Poison    251.785714  67.250000   74.678571   68.821429  60.428571  64.392857   \n",
              "Dark      461.354839  66.806452   88.387097   70.225806  74.645161  69.516129   \n",
              "Rock      392.727273  65.363636   92.863636  100.795455  63.340909  75.477273   \n",
              "Steel     442.851852  65.222222   92.703704  126.370370  67.518519  80.629630   \n",
              "Ghost     486.500000  64.437500   73.781250   81.187500  79.343750  76.468750   \n",
              "Electric  363.500000  59.795455   69.090909   66.295455  90.022727  73.704545   \n",
              "Bug       334.492754  56.884058   70.971014   70.724638  53.869565  64.797101   \n",
              "\n",
              "               Speed  \n",
              "Type 1                \n",
              "Dragon     83.031250  \n",
              "Normal     71.551020  \n",
              "Fairy      48.588235  \n",
              "Ground     63.906250  \n",
              "Water      65.964286  \n",
              "Ice        63.458333  \n",
              "Flying    102.500000  \n",
              "Psychic    81.491228  \n",
              "Flamer     74.442308  \n",
              "Fighting   66.074074  \n",
              "Grass      61.928571  \n",
              "Poison     63.571429  \n",
              "Dark       76.161290  \n",
              "Rock       55.909091  \n",
              "Steel      55.259259  \n",
              "Ghost      64.343750  \n",
              "Electric   84.500000  \n",
              "Bug        61.681159  "
            ],
            "text/html": [
              "\n",
              "  <div id=\"df-41d7ac10-9c3c-48be-b1eb-a0802892dd04\">\n",
              "    <div class=\"colab-df-container\">\n",
              "      <div>\n",
              "<style scoped>\n",
              "    .dataframe tbody tr th:only-of-type {\n",
              "        vertical-align: middle;\n",
              "    }\n",
              "\n",
              "    .dataframe tbody tr th {\n",
              "        vertical-align: top;\n",
              "    }\n",
              "\n",
              "    .dataframe thead th {\n",
              "        text-align: right;\n",
              "    }\n",
              "</style>\n",
              "<table border=\"1\" class=\"dataframe\">\n",
              "  <thead>\n",
              "    <tr style=\"text-align: right;\">\n",
              "      <th></th>\n",
              "      <th>#</th>\n",
              "      <th>HP</th>\n",
              "      <th>Attack</th>\n",
              "      <th>Defense</th>\n",
              "      <th>Sp. Atk</th>\n",
              "      <th>Sp. Def</th>\n",
              "      <th>Speed</th>\n",
              "    </tr>\n",
              "    <tr>\n",
              "      <th>Type 1</th>\n",
              "      <th></th>\n",
              "      <th></th>\n",
              "      <th></th>\n",
              "      <th></th>\n",
              "      <th></th>\n",
              "      <th></th>\n",
              "      <th></th>\n",
              "    </tr>\n",
              "  </thead>\n",
